87   65  
   32    
 9   5  4
  4 8   9
15   276 
6   912  
 3 7 49 1
  1    3 
  2   485

53  7    
6  195   
 98    6 
8   6   3
4  8 3  1
7   2   6
 6    28 
   419  5
    8  79

    584  
24 9   83
  8 329 5
    9    
7 25  3 9
81   325 
4 78  1 2
   37 5  
5 312 7  

  9  53  
 817  4  
       61
  41   3 
 123  7  
3 72   9 
1 5     4
7 8  9 1 
   8  2 7

1 4 7   9
  7  95  
2  5 1  3
 2 9 4 3 
  8  7   
  5  37 8
     2  4
 63  5   
8   9    

  5      
6  34 1  
  1 6 2  
3 492    
7   5   9
      5 6
4  68    
12   49  
 8     7 

8  9   3 
 7 4  5 8
     5 6 
6    41 9
  27     
       5 
1       3
 6  9   5
9    18 4
